"t30-blood-rna_female_1w" "t30-blood-rna_female_2w" "t30-blood-rna_female_4w" "t30-blood-rna_female_8w" "t30-blood-rna_male_1w" "t30-blood-rna_male_2w" "t30-blood-rna_male_4w" "t30-blood-rna_male_8w" "t52-hippocampus_female_1w" "t52-hippocampus_female_2w" "t52-hippocampus_female_4w" "t52-hippocampus_female_8w" "t52-hippocampus_male_1w" "t52-hippocampus_male_2w" "t52-hippocampus_male_4w" "t52-hippocampus_male_8w" "t53-cortex_female_1w" "t53-cortex_female_2w" "t53-cortex_female_4w" "t53-cortex_female_8w" "t53-cortex_male_1w" "t53-cortex_male_2w" "t53-cortex_male_4w" "t53-cortex_male_8w" "t54-hypothalamus_female_1w" "t54-hypothalamus_female_2w" "t54-hypothalamus_female_4w" "t54-hypothalamus_female_8w" "t54-hypothalamus_male_1w" "t54-hypothalamus_male_2w" "t54-hypothalamus_male_4w" "t54-hypothalamus_male_8w" "t55-gastrocnemius_female_1w" "t55-gastrocnemius_female_2w" "t55-gastrocnemius_female_4w" "t55-gastrocnemius_female_8w" "t55-gastrocnemius_male_1w" "t55-gastrocnemius_male_2w" "t55-gastrocnemius_male_4w" "t55-gastrocnemius_male_8w" "t56-vastus-lateralis_female_1w" "t56-vastus-lateralis_female_2w" "t56-vastus-lateralis_female_4w" "t56-vastus-lateralis_female_8w" "t56-vastus-lateralis_male_1w" "t56-vastus-lateralis_male_2w" "t56-vastus-lateralis_male_4w" "t56-vastus-lateralis_male_8w" "t58-heart_female_1w" "t58-heart_female_2w" "t58-heart_female_4w" "t58-heart_female_8w" "t58-heart_male_1w" "t58-heart_male_2w" "t58-heart_male_4w" "t58-heart_male_8w" "t59-kidney_female_1w" "t59-kidney_female_2w" "t59-kidney_female_4w" "t59-kidney_female_8w" "t59-kidney_male_1w" "t59-kidney_male_2w" "t59-kidney_male_4w" "t59-kidney_male_8w" "t60-adrenal_female_1w" "t60-adrenal_female_2w" "t60-adrenal_female_4w" "t60-adrenal_female_8w" "t60-adrenal_male_1w" "t60-adrenal_male_2w" "t60-adrenal_male_4w" "t60-adrenal_male_8w" "t61-colon_female_1w" "t61-colon_female_2w" "t61-colon_female_4w" "t61-colon_female_8w" "t61-colon_male_1w" "t61-colon_male_2w" "t61-colon_male_4w" "t61-colon_male_8w" "t62-spleen_female_1w" "t62-spleen_female_2w" "t62-spleen_female_4w" "t62-spleen_female_8w" "t62-spleen_male_1w" "t62-spleen_male_2w" "t62-spleen_male_4w" "t62-spleen_male_8w" "t63-testes_male_1w" "t63-testes_male_2w" "t63-testes_male_4w" "t63-testes_male_8w" "t64-ovaries_female_1w" "t64-ovaries_female_2w" "t64-ovaries_female_4w" "t64-ovaries_female_8w" "t65-aorta_female_1w" "t65-aorta_female_2w" "t65-aorta_female_4w" "t65-aorta_female_8w" "t65-aorta_male_1w" "t65-aorta_male_2w" "t65-aorta_male_4w" "t65-aorta_male_8w" "t66-lung_female_1w" "t66-lung_female_2w" "t66-lung_female_4w" "t66-lung_female_8w" "t66-lung_male_1w" "t66-lung_male_2w" "t66-lung_male_4w" "t66-lung_male_8w" "t67-small-intestine_female_1w" "t67-small-intestine_female_2w" "t67-small-intestine_female_4w" "t67-small-intestine_female_8w" "t67-small-intestine_male_1w" "t67-small-intestine_male_2w" "t67-small-intestine_male_4w" "t67-small-intestine_male_8w" "t68-liver_female_1w" "t68-liver_female_2w" "t68-liver_female_4w" "t68-liver_female_8w" "t68-liver_male_1w" "t68-liver_male_2w" "t68-liver_male_4w" "t68-liver_male_8w" "t69-brown-adipose_female_1w" "t69-brown-adipose_female_2w" "t69-brown-adipose_female_4w" "t69-brown-adipose_female_8w" "t69-brown-adipose_male_1w" "t69-brown-adipose_male_2w" "t69-brown-adipose_male_4w" "t69-brown-adipose_male_8w" "t70-white-adipose_female_1w" "t70-white-adipose_female_2w" "t70-white-adipose_female_4w" "t70-white-adipose_female_8w" "t70-white-adipose_male_1w" "t70-white-adipose_male_2w" "t70-white-adipose_male_4w" "t70-white-adipose_male_8w"
"t30-blood-rna_female_1w" 1 0.590378323863228 0.523396039520707 0.419421446075052 0.200045077977942 0.363936672429148 0.0816642603150004 -0.0826788437817428 -0.0190415785689886 -0.0357299538566134 -0.00656461169444975 0.0165076865658916 0.00754725592065535 -0.0602301054432169 -0.0376012425533307 -0.0720046401374113 0.0281499780138275 0.0834800645653387 -0.0190931550218687 -0.0496463944809874 -0.0175839563354514 -0.00128546297171911 -0.0163588011863336 0.0379819054726783 -0.109649985588664 -0.0722029456824567 -0.0443537897987214 -0.0323293101320202 -0.0293573235288904 -0.0354500379296925 -0.0591254627669439 -0.0283225498132851 0.0525697211273839 0.00951102752296887 0.0484045359461838 -0.00594793455939501 0.0685204937448554 0.0756814094451072 0.0245798393352144 -0.0110300428263441 0.0415259882726191 -0.0376764870718475 0.0705571418696544 0.028848872117411 -0.0422334161188651 -0.0242896866447252 -0.0029454076380722 -0.0500669578125326 0.0474691384393225 0.0179028827605968 0.0811150612450909 0.0814009578920574 0.0709207025648506 0.0701289717712624 0.048360473993853 -0.0201118083195179 -0.146719858522109 -0.1311860977796 -0.0220737093424397 -0.0910461034855407 -0.0404975813179546 -0.094205386957573 -0.0830813098969482 -0.0953022784980644 0.0486496291247362 0.000392142154149149 0.0262235412401497 -0.00697479293874448 0.0707803317441053 0.0978887755510043 0.125714188820021 -0.0236859783635743 0.0458433775644027 0.0112516417335444 -0.00416208836469996 -0.123041135313763 0.142656703812334 0.0962850764140195 0.0207308133696039 -0.049194928115201 0.012863932185689 0.0474881392946441 0.127723374828211 0.0277564289533328 0.191281553614278 0.135481548696823 0.00190394720796551 -0.0928620273493627 0.0178918780752423 -0.0655657769057357 0.0891669164379526 -0.0223767476961129 0.0739963088616203 0.062370326050869 0.164124147991965 0.0216698669995793 0.0662852910406867 0.0206202533364109 0.0606598545029343 -0.00647791761615459 0.0974100445987968 0.159383653526549 0.0698452463551138 -0.0593561809853849 0.153388380053123 0.119695802890948 0.168095596824083 0.00744822773895936 0.137334669582177 0.15991529038337 0.152398631585296 0.0220487859065298 0.0155951540704863 0.0549067423114741 -0.0280652233446665 0.0691787402688707 0.0660624680167145 0.0700125148628907 -0.00133606360479184 0.128882380331863 0.0659536882895166 -0.0108498112181331 -0.026749795539844 -0.00202796115475179 -0.014191820394254 -0.00234676796597207 0.0109020138410791 -0.0255488859200247 0.0525766843646738 0.0567479161843373 0.0509607494811571 -0.0245786844250807 0.0248021117902129 -0.0542322496196875 -0.0597346162268197 -0.101535963181054 -0.0385492153871618 -0.0997617996354217 -0.0357861335357519 -0.0531372749230128 -0.0615322455091058 -0.063589463064706 -0.0822849669772334 0.0132013843920665
"t30-blood-rna_female_2w" 0.590378323863228 1 0.506544569163944 0.479685755538926 0.192376437546602 0.26824840121705 0.0819019421838225 -0.0827785379046086 0.00342211288351736 -0.00466910414766073 0.00165349176981294 0.00433535619301511 -0.00180560608105261 -0.0654013855335711 -0.0439444883636087 -0.0706764591866376 -0.0102221382917602 0.0684100662051572 -0.036300448339652 -0.0507377345876869 -0.0123778206858808 0.018796992839851 -0.021279012222702 0.0282681188726517 -0.0645756701845714 -0.035830280636068 -0.037342521654837 -0.0201112221389521 0.0102028341611592 0.00662818461898307 -0.00564292059369569 0.014296940307642 0.037443033295543 0.0286294528654747 0.0421559504787881 0.00492593639620535 0.0422949162931063 0.0387270442464585 0.0166070810287118 -0.0320773505665635 0.0315794425505891 0.0190437424804254 0.0198925427944878 0.00805175571688893 -0.0300165029487019 -0.0287414195301301 -0.0197927191366035 -0.0023586113560223 0.0257017395287685 0.0347852343165815 0.0278987244252567 0.0404955942836756 0.0325240119570317 0.0219707142696487 0.0213290462641053 -0.00977691849352031 -0.108104307168102 -0.0930428231192107 -0.0172394527192661 -0.0794402978262888 -0.00489281267992182 -0.0707826770800885 -0.0385009029362583 -0.030603877648655 0.0577139974548154 0.0294672331447447 0.0443793128962279 0.00524108306189415 0.038609083078628 0.0490881183519739 0.0667819094015493 -0.0236419674623112 0.0458115523744183 0.0332124161747304 0.0156930702716149 -0.127480171143451 0.109686627423816 0.0400541714476911 -0.0209966160131832 -0.060890968705633 -0.0157030993022381 0.00865263576207499 0.070529508785491 -0.0249299671667156 0.104904488652333 0.104724263730813 0.0637574765826004 0.00566875793907579 -0.00169240672151965 -0.0722271372900185 0.0465480478221217 -0.0257458123302168 0.0435420134427304 0.0501054199577434 0.0745779639798241 0.0151462920838529 0.034527049069177 -0.00433069085344707 -0.01331522706372 -0.0553992780829043 0.0602114403093404 0.0757333044554726 0.0371931504306389 -0.0754845532253933 0.0861938487388899 0.0775326559875986 0.110914544326549 -0.0249411726023312 0.0997587497412231 0.0907021612569878 0.0953260920826626 -0.000978498341273287 0.00724369783510664 0.0495969632354747 -0.0124785569076819 0.0347630036364155 0.0691170880222644 0.0666770999214836 0.0155419883877506 0.097461436450509 0.0298528121422555 0.000599260957933217 -0.0200597277364848 -0.020379607894224 -0.0331917181553951 -0.0120646137847759 0.00412695333395888 0.0123560197929928 0.060590001182682 0.0720428539564586 0.04387545428832 0.0368271010843229 0.0285022201145123 -0.030233882313215 -0.00762425811492417 -0.00391234304973555 -0.0477782650745894 -0.0426512303583116 -0.0461665895112228 -0.0620440006850935 0.00817251054052994 0.0109367873352549 -0.0547601578650988 0.0276679702395377
"t30-blood-rna_female_4w" 0.523396039520707 0.506544569163944 1 0.205244231025118 -0.0788249933182679 -0.0101624628200562 -0.00768129220231088 -0.351792630416372 0.00247423469084979 -0.0139359852942955 0.00255989942475135 -0.00783222451150905 0.0115055121691823 -0.0264912169135288 -0.0199710883720525 -0.0572245948347688 -0.0102476484620996 0.0495882784355331 -0.0249801675480491 -0.0328942866980897 -0.0246696421116337 0.00746505061068999 -0.0152920632718987 0.0360469385957316 -0.0501343169716749 -0.0355356539809905 0.00142752422591922 -0.0300773619705836 0.00569640427018336 0.0109642611132614 -0.0105756187407392 0.0345842062807911 0.0482126297689204 0.0406057015133119 0.0382902715258711 0.00448339878979348 0.0416925228234839 0.0434289553113179 0.0138284377249123 0.0066043962338453 0.0350787113189213 -0.0058908161635044 0.0421819911010295 0.0091669558742928 -0.0259835870947879 -0.0210133069680703 0.000177087147462719 0.0123920645214874 0.0255348580990869 0.00733333486504908 0.0366887925351709 0.000134589754636996 0.0111140600086496 0.000646002824041369 0.0227027803262218 -0.011487787958486 -0.083827514203457 -0.100328900135274 -0.0203152532983734 -0.0847761707365218 -0.015196811700924 -0.0646716348074791 -0.0520458073308908 -0.0434974896279514 0.0396619625655684 0.0285615556210108 0.0380199813858653 0.00407911653279875 -0.0210206995796572 0.00659123562701781 0.000647354455934896 -0.0106427455453671 0.0609710523039677 0.0485209635382861 0.0761715608840822 -0.087585439315759 0.10635279713817 0.0696063562090298 0.0228097175235218 -0.0178889317029097 0.0245754566040573 0.0177073826492067 0.178358395515856 -0.147462832837823 0.0443709230734271 -0.0227666988512935 0.0508521071236875 -0.127867995407922 -0.0152276464430908 -0.0397431359702523 0.0344976804678758 -0.00412541097687399 0.0266001051749966 0.0114838957756126 0.0507305457888899 0.0367708843690354 -0.00615613892886363 -0.0400723696557025 0.0158241099703709 -0.0411901578951933 0.0187554494690153 0.0496808044782157 0.0136732496533548 -0.0336447844067996 0.0640421313872494 0.0417598178596796 0.0894519311314063 -0.0165387860520905 0.0396378190492041 0.0700040626475019 0.0674073350116564 0.0292606309687142 -0.0248053878391092 0.019803989505108 -0.0302247389470555 0.0651063565102051 0.00948835413472558 0.014495935771389 0.0326281702084663 0.0716166299910654 0.0861488068648535 0.0233230234074272 -0.0207733922558539 -0.0198629315183975 0.00106884565373516 0.024656606376958 0.0363865973064119 -0.000655123620254524 0.027837967195614 0.012742801643804 0.0203324460603113 0.0206486945245962 0.0149382063237313 -0.0134828521045049 -0.0196403752772439 -0.0181719714126443 0.0357212226818609 -0.0505636766254114 -0.0150271244483732 -0.0363801805443679 -0.00362931047884852 0.00190493961128323 -0.0278666590107332 0.0486661517169184
"t30-blood-rna_female_8w" 0.419421446075052 0.479685755538926 0.205244231025118 1 0.334258956575122 0.345922593125536 0.184500002875026 0.293896081820332 -9.82498787922092e-05 0.0163798591037079 0.0282151781009764 0.010104658060947 -0.00470149980875505 0.0206537025714678 0.0171856637212812 0.0421681661521962 0.0120619030408368 -0.0057914340047085 0.0301879168377898 0.0448824715907436 0.0281247361602406 0.00540315031291725 0.0178290022332799 -0.0264985750724899 0.00696149033692229 0.00471967345607732 -0.0080602364845418 0.024484349685292 -0.0102103622712147 -0.0225738450396219 -0.00884100327890835 -0.020773348368215 0.00315885076882247 0.0126279807548295 0.0432112664204435 0.0419693829028657 0.00734577583784003 0.00371517874671879 0.0250118210465448 0.0176196365254623 0.00946394477849117 -0.0307345411451628 0.0192506183168509 0.0264058715473671 0.0206026191577793 0.0289339435907971 0.0281205026861874 -0.00797380576929158 0.0310692131281813 0.0177075401667072 0.0419424263252545 0.0556932805101411 0.0213626637680443 0.036786972610317 0.0191472220084396 0.0292892838715883 0.0400552299554794 0.0285884383235471 0.028388023982991 0.0392633733528042 0.0012231136459805 0.029555531757274 -0.00998440693265641 -0.00531932141991174 -0.0365275431819537 -0.0362984266451177 -0.0480436273498235 -0.0257737991115843 0.0887501827487359 0.0699134553888885 0.0719727920820702 0.0323831444506762 -0.0735578282854465 -0.0611037227589847 -0.0839683458085294 0.054392548781832 -0.00897892093968954 -0.0233012851984682 0.0111618416483929 0.0168412710866735 0.0326516034285377 0.0374978233075994 -0.0778563884252827 0.181362202496308 0.0774468382391359 0.118438921489447 -0.0268095925451342 0.0945116231088644 0.0128461496286892 0.0302211186900848 0.0111459524724095 0.00478150466295924 0.0154505037131846 0.00564185833155624 0.0805788213621616 -0.0035751482358876 0.020583301763994 0.0425108658889146 0.0670656665269618 0.0943748489873681 0.047192820354452 0.0609378406494021 0.0682773108918627 0.0437314946565428 0.0353563752920616 0.0238903970337692 0.0218709724922857 0.0686508769710376 0.0203068453591534 0.00466864095780118 0.0261000294153086 0.0231023932561586 0.0575329938976412 0.0410599038613465 0.0313094704691837 -0.0117297340157649 0.0355527304711274 -0.00753765300778748 -0.0475701367677077 0.0279177224330655 -0.00264361947310401 -0.00247910523779123 0.00915410789203867 0.0278921711088097 0.0225873831237728 -0.00107778334337783 0.0211044601365994 0.00127313348890302 0.00289746778594702 -0.00478429750177418 0.000705747326505225 -0.0513375665648661 -0.00763269434467913 0.00484098285247669 -0.0207803540799074 -0.0648347728354548 -0.0595029472144698 0.0123561948570166 0.0542510022462647 0.0605041144747363 -0.0512808284869272 -0.0518823726593353 -0.0110567155621043 0.00445304831524871
"t30-blood-rna_male_1w" 0.200045077977942 0.192376437546602 -0.0788249933182679 0.334258956575122 1 0.768220408542634 0.628150628280347 0.610152655595113 -0.0170486189884313 -0.00756023694628193 0.0186411817763526 0.0487136529594168 0.0177874134569132 -0.0234481171414531 0.00070187376017094 -0.0354317070940812 0.00601662747233646 0.0206135252588499 -0.0382075950188144 -0.0418048170743238 -0.0414949259038078 -0.0182568320756154 -0.0436602815889499 -0.0429583968847681 -0.0597161811269182 -0.0376329559905745 -0.0547585400496676 0.00599931384824249 0.0110801553842959 -0.00521116987231513 0.00442799386368097 -0.0519527643717954 -0.00750910880004622 -0.0131853129238788 0.0175974784722512 -0.025471411981567 0.0447848580902774 0.0413233283709403 0.0306158364178553 -0.0335409965966753 -0.012090240989103 -0.0292197312114415 0.00550372946226415 0.00824582885374607 -0.0163985681499085 -0.014964299471815 -0.00942900589104302 -0.0466926145534245 -0.00451246205874993 -0.00641443192453168 0.0165101384726935 0.0609646025120432 0.0794065499712461 0.0505022215898113 0.0161223339898339 -0.00717079549164022 -0.0760097635941095 -0.0472017105777484 -0.00911730371940825 -0.01830550645697 -0.0119404592926571 -0.0430315067456528 -0.0443094866409233 -0.0495678340028147 0.0149603889388586 -0.0567521763895456 -0.026292187713975 -0.0540505350172058 0.144560220082664 0.124810305939443 0.124615309375219 -0.0126366850756022 -0.0263479070250932 -0.0449630065276967 -0.0880500680178483 -0.112238658505071 0.0523883878255625 0.00280836867830349 -0.0306707330239421 -0.0650281828792708 -0.0293152975348948 -0.00356627044602919 -0.0855198797541697 0.161007514540773 0.140842137132095 0.178572478970437 0.00809805867999875 0.135975755122946 0.0159741000287625 -0.082577639248067 0.0269476516187021 -0.0423231884400505 0.0441435835996552 0.0629320196026825 0.114961648096676 0.0149930047701633 0.0657363574909083 0.0566450737879228 0.0455091142192921 -0.00106439362097332 0.136975873671159 0.110027836752233 0.0859911077805546 -0.036042786119859 0.081293852725114 0.0775758525656066 0.119412246268389 0.0142712139004645 0.165103115712769 0.101755886965034 0.123985519895817 0.0255940245575093 0.0877531013857975 0.055540460757709 0.0715560019637227 -0.0287394548262569 0.1382448452617 0.101026122909673 -0.0406499985170457 0.0613129879838961 -0.0198444481028702 -0.038499371608363 -0.0154514646631845 -0.00486679969285791 -0.0320027251127758 -0.0420415315054815 -0.00758072159117507 -0.0435998861549684 0.0528391776176266 0.0595731641308916 0.0349659252137288 -0.0316554479784645 0.0420100117598187 -0.0232926839341666 -0.0253478229344066 -0.0688748107368369 -0.105120661259945 -0.0638404010501638 0.00696728656064719 -0.0353963886719846 0.0236493607214933 0.0240557124884881 0.0233720620891963 0.0308650730999321
"t30-blood-rna_male_2w" 0.363936672429148 0.26824840121705 -0.0101624628200562 0.345922593125536 0.768220408542634 1 0.583187803023099 0.492944837384628 -0.0374495946107339 -0.0421380567123731 -0.00478486970060322 0.0564139202025089 0.0280661951036792 -0.0571892784766748 -0.0256516334079889 -0.0588638076798938 0.0246572424321236 0.0499204573199833 -0.0397228366324364 -0.0679560683121533 -0.045234928192101 -0.0284909820108648 -0.043216149929591 0.00137019078059543 -0.1236085487545 -0.0700323249939627 -0.0746241817894078 -0.0187529402906862 -0.0135788229659079 -0.023820757388203 -0.0378766656464895 -0.0716255325913694 0.00629088786985434 -0.0162669268405983 0.0260536303222826 -0.033883935942181 0.0673692897171889 0.085281166566702 0.0458160739684141 -0.025331780432102 5.86943681656832e-05 -0.0677313215630768 0.0430692809101273 0.0181178372309793 -0.0346180118458915 -0.0225101839630085 -0.00990528298660616 -0.0806813845604309 -0.00485284170375931 -0.0202833204926335 0.0514423692106164 0.0898642843541867 0.0854836663770242 0.0739701966373717 0.0335304194726809 -0.0438260846971471 -0.14119803056222 -0.109678102340489 -0.0214892800246798 -0.0652069367096928 -0.0350223851892767 -0.076851781720622 -0.0782264964106707 -0.08743615622833 0.0417020552241593 -0.0467353768543741 -0.00844417568612081 -0.0497257215412698 0.149582369309905 0.136224273107512 0.152591864268022 -0.0493052951156737 0.011118862584481 -0.0472627034091553 -0.0465293006765955 -0.140770603693539 0.115899031534676 0.0642646702419939 0.0174518311665056 -0.0627388860421707 -0.0304786120991018 0.013966747033396 -0.0167339751124222 0.175776715235819 0.217847948380591 0.208361214409745 -0.0309970576059784 0.0538588497730342 0.0207780097174782 -0.0912497061383767 0.0801996657153632 -0.0404105616198777 0.0952354968950139 0.0943330394659479 0.200599294808373 0.0372173232235384 0.107463056450906 0.0819801427451414 0.0614975016315172 0.00136563928242894 0.136124735005426 0.176607939926644 0.0896840389114061 -0.0579310213798499 0.148173748698569 0.113529505573725 0.179384627354846 0.0167135156014402 0.201539271115963 0.18827111162698 0.186327384293274 0.0262487076845923 0.0538351280413051 0.0540409191923507 0.0184922130827767 0.0333406848318596 0.122582253256989 0.0903619082201613 -0.0180563025449633 0.115071790396718 0.00478847533320923 -0.0526347517871643 -0.038710628155038 -0.0194937961696588 -0.0334411106304922 -0.0513933487935687 -0.00736578516928766 -0.0645651982442828 0.0674746187295084 0.0632957834800799 0.0526471963680795 -0.0509567739048968 0.0353005858013307 -0.0649914382761466 -0.0682702875687257 -0.120282600319585 -0.0981051519651601 -0.100985739200759 -0.00997675356904657 -0.0377137972319982 -0.0236036286058352 -0.0263609690291512 -0.0326099480281863 0.0260273085839356
"t30-blood-rna_male_4w" 0.0816642603150004 0.0819019421838225 -0.00768129220231088 0.184500002875026 0.628150628280347 0.583187803023099 1 0.501799533637634 -0.0307534333120769 -0.0113165109042713 0.0358233757467537 0.0422220130798751 0.0169031959595931 0.00947330904408477 0.027004514015987 0.0203059186622362 0.0190357152020136 -0.00676885837927986 -0.00357656736313343 1.37922764574121e-05 -0.039471953300547 -0.0519694768372846 -0.0489758513797887 -0.0437614076070252 -0.0255750540925932 -0.015471491553226 -0.0303552588881918 0.0316115705050957 -0.00286178152387592 -0.0217555706413322 -0.00844320555703668 -0.0492070347096117 -0.00156783553989749 -0.00374791899823719 0.0373727084216026 0.00330742981011971 0.0452686404960952 0.0432033486661194 0.0676779211009786 0.00482048014790094 -0.000938427725576393 -0.0393274794155994 0.0368170328887942 0.0399469809110409 0.0142637240093533 0.0170805376251712 0.0283451115804795 -0.051810331578977 0.00673595261214664 -0.0152703449754608 0.0382194151540652 0.0783234953436536 0.0731922801091302 0.0568943795401393 0.0286311330165922 -0.0107528465140849 -0.010338935135672 -0.0158401650247606 0.000747591413273644 0.0221815311683457 -0.0316386347816628 0.0036153035795962 -0.05013830652059 -0.0638144843402555 -0.00584350908525884 -0.0651569576297722 -0.0514204800920498 -0.06159511830681 0.153563484251915 0.132520710915499 0.109984521427371 -0.0214219347379596 -0.0762433174496935 -0.102493451447762 -0.0793854436549861 0.024155943381751 0.0424895673696779 -0.0185653327782883 0.0658800153722692 0.0235763387307697 -0.00311840236592989 0.0165014830947931 -0.0994993520970316 0.169954493528343 0.0416253504062688 0.0715429219295728 0.00151993327845334 0.153405059910112 0.0126453281549311 -0.0457954976896991 0.0107310109736787 -0.0421105378846937 0.0871621816591425 0.0839845035213571 0.143193534403704 0.0662499013015374 0.0315380754710844 0.0580878455682552 0.087248469183857 0.0774369017037587 0.100250738339727 0.118227864736912 0.0848793248356154 0.015922366383509 0.0773506761314618 0.0634210914457333 0.0915280873593587 0.08135252217926 0.0909393084490178 0.0717731346998867 0.118038531274892 0.0269930644688359 0.0872735224496913 0.0793244212132452 0.067983357721033 0.0174260057436121 0.0832054142248774 -0.0149187112780691 -0.0469006794611825 0.0418264569407227 -0.0104062531303928 -0.0473918963275562 -0.00824074679402587 0.0204186496552918 0.0207375964361279 -0.0367893680076995 0.0182287744981547 -0.0641359547097177 0.0238171351002508 0.00323426675295061 0.0129554417859909 -0.0683213504077353 0.00186461839228134 -0.0257522812184398 -0.0579624365353991 -0.137705206766758 -0.0876230086706109 0.00671995129174998 0.0846595993308837 0.0894142327044666 -0.0292829105838179 -0.0236714829439053 0.0432260082071386 0.0195893988236303
"t30-blood-rna_male_8w" -0.0826788437817428 -0.0827785379046086 -0.351792630416372 0.293896081820332 0.610152655595113 0.492944837384628 0.501799533637634 1 -0.000202145851510557 0.0317539627615806 0.0397963980634159 0.0356530243575925 -0.00756912751752609 0.0366529139786476 0.0406792898008484 0.060947213856026 -0.011121983294168 -0.0531700583350653 0.0102996281496703 0.0559622080235893 -0.0086529046959088 -0.00905025924605029 -0.0160335934308399 -0.0635534304114425 0.0567245320988915 0.0392461542297629 -0.00280670178659738 0.0629249745143845 0.0343789891305085 0.015055665803093 0.055733301691442 -0.021908746693841 -0.0405824575881471 -0.0129851291588809 -0.000813865725867936 0.0120983157349739 -0.0112066412107845 -0.0162372143580148 0.0211962733329704 0.00912726639976897 -0.0250518720595859 -0.00852029868922189 -0.0219955307978338 0.0173916072080826 0.0399448559620312 0.0300894463437144 0.020992343083273 -0.00294930451665979 -0.00543598639560013 0.00983423350320416 -0.0118282307823015 0.0298116818376076 0.0303270348188072 0.0279320896848367 0.00393089099897205 0.0489070833959261 0.0849148780782551 0.0791023803778745 0.0250704468984245 0.0846071867512077 -0.00859848513211373 0.0571858107265896 0.0184633914560535 0.0238154915639831 -0.0653526236790818 -0.0773838849452838 -0.0865822667063768 -0.0632970777610451 0.117327513925334 0.0733723507803742 0.0531888712378805 0.027226414882454 -0.116093385496366 -0.0800802671580021 -0.120153919463991 0.0645458194196428 -0.0697849411176277 -0.0865607033061647 -0.0173931183533432 0.00947814616457395 -0.0129582512903611 -0.00657136733183067 -0.238417700850066 0.23244316042364 -0.0108707656574673 0.0917304552739632 -0.0151728302928718 0.291938393595757 0.0108013537721478 0.0162387536422034 -0.0485745584832089 -0.0140254854579512 -0.0193070818524176 0.00522036939351474 0.00817311016878977 -0.00890633421202354 0.00714241287778803 0.0641215636275731 0.062360590324629 0.092508752958338 0.0621963890347034 0.0254233923621724 0.0589501061969088 0.0669225679609765 -0.0297900056623898 -0.00332012242195658 -0.0251172286640981 0.0697524576174691 0.00378619517391553 -0.0560242607514606 -0.0139592826349823 0.0552548075039499 0.117742196154382 0.055996248997117 0.122575254095623 -0.0793800861773614 0.0830068123007533 0.00312753262174907 -0.0832278715783164 -0.0341445027069437 -0.0684627987821744 -0.00762539496447455 0.0212393306479023 0.031809073499303 0.0029351010441573 -0.0291409933875001 0.00530839463756748 -0.0277671295465592 -0.0151361950006659 -0.0208248572612283 -0.022537849053862 -0.0562386274030141 -0.0131240288183816 0.0296302471289305 0.000463800202287337 -0.0293474972237652 -0.100478688703626 0.0372237494174343 0.0846961374540216 0.0735542841061917 0.0227717789154578 0.0302303763329279 0.0803927740531411 0.00668889381618687
"t52-hippocampus_female_1w" -0.0190415785689886 0.00342211288351736 0.00247423469084979 -9.82498787922092e-05 -0.0170486189884313 -0.0374495946107339 -0.0307534333120769 -0.000202145851510557 1 0.51875207779061 0.047052633915111 0.33833270035835 0.146015401842082 0.0897202957668398 0.131026224714941 -0.000373870670562586 0.147660603387934 0.0933470612594579 0.101948708297772 -0.0280264097439362 0.123620367876599 0.0506682883884438 -0.0311027709798087 0.040444569196794 0.116291053848594 0.0175181442256013 0.0414809120821352 -0.0195162326808139 -0.00350468640560281 -0.0121999615941111 0.00689750625954322 0.0854078088460224 0.0760436488233793 0.0665532347220888 0.0376887048214976 0.0701887179743599 0.00427684628952966 -0.0135688652201721 -0.0150672994589783 0.0090068609073796 0.0634429570491095 0.0719239181357609 0.0197564268080497 0.0334368522449893 0.033976267762616 0.0191644173577094 0.0204117825717995 0.048140338668395 0.0582725390558372 0.0308029221836028 -0.0332418089973566 -0.0288945859255003 0.00926198353302397 -0.0239206257503982 0.00309308957123419 0.0351665403063254 0.0611900795702002 0.0468656046162279 0.0384900036297826 -0.018698096770196 0.0316322214635951 -0.0204061990651304 0.00131553438693337 0.00612208740913514 -0.00559291309879842 0.0191262874292677 0.00507556208672893 -0.00683102998025934 0.0142455321385952 -0.0081424480436949 -0.0269732570908334 0.00132770502844038 0.0598669715890553 0.0597614723145488 -0.00200002982793972 0.0150109933653133 -0.0516308368790057 -0.0910665543724299 -0.103930954886738 -0.0207717558845638 0.0606901653593594 0.0200153533364312 0.0271350081284496 -0.0635935421060687 0.0278959437780858 0.0901029322684767 0.107181849218936 0.0728501943949466 0.034144905829047 0.00360859645400024 -0.0161382874728112 0.00868190050268392 -0.0161472544603574 0.00584394451372551 -0.0976102547858242 -0.00933207360001314 0.024498989868534 0.0157210328979576 -0.0110554841665565 -0.00921139220622085 -0.00777554735805856 -0.0582579324070073 -0.0280690899348101 -0.0304813694292124 0.0413723113822656 0.0231435677359426 -0.00016747681623966 0.00523082307615173 -0.00980504935224208 -0.0487044302684913 -0.0796582332513373 -0.00194072205776815 0.00978002706483585 -0.00980221111657104 -0.00190014346407086 -0.0521714714182032 0.0298208455995429 -0.0175173512884238 -0.020606689844368 0.00160942449938343 0.0356184368397878 0.0531271722842191 0.0138731502936121 0.0345294685948763 0.0230602126347719 0.0490319649449977 0.0414300752977486 0.0349396966068718 0.0574930716281416 0.0655094781678621 0.0534070704243183 0.00526100272664144 0.0327597928658571 0.0612070891362936 0.0619348808152103 0.0320848646401463 0.0379718144486752 0.0701157787831299 0.0316392721277199 -0.0269525922972398 0.0834038313279945 0.0796663460179871 0.0329353605774153 0.0105680455061302
"t52-hippocampus_female_2w" -0.0357299538566134 -0.00466910414766073 -0.0139359852942955 0.0163798591037079 -0.00756023694628193 -0.0421380567123731 -0.0113165109042713 0.0317539627615806 0.51875207779061 1 0.316019574896172 0.424190717257981 0.105962304552453 0.181104102270063 0.191599767511974 0.0725818265368616 0.154437567677661 0.143500245949953 0.129731299047359 0.00476511779935726 0.165316231348027 0.126336006193995 0.0533390530195377 0.0528221346979398 0.0624720617147854 0.054868691083805 0.0343562232609764 0.0279894742616996 -0.0593494914707929 -0.0548641101307625 -0.0577673097250051 0.0224727260277088 0.0602449334827309 0.0458514879841381 0.0394792986605582 0.0743734031232455 -0.0043240283792011 -0.0227876718370954 -0.0189726631406728 -0.00687242736876813 0.0398421693519998 0.0768692099030623 0.0204024601915138 0.0338104891216871 0.0451191384805731 0.0359728425502462 0.0382055826516654 0.0411172878072588 0.0542570702157143 0.0416134991546362 -0.0134536908900069 0.0116456846344919 0.0193291001078792 0.00205362823121911 -0.00355845252817219 0.0531991591269961 0.0549763086803789 0.0639499967461762 0.0347513156042973 -0.00424819981209814 0.0107212320934411 -0.0235625217938669 -0.0186468561410681 -0.0382702886036253 0.000728083324530378 0.0106543199242456 0.00203321051998133 0.00211073664877931 0.0215781191119309 0.0106709103929951 0.00686550966629666 -0.0251763701788967 -0.000160491904985576 0.00896832556816373 -0.0458580264342096 0.065616985777703 -0.0813685689412231 -0.141463746915522 -0.098362725119967 -0.00132862319963552 0.0313212297639448 0.0303568403773361 -0.0300458711795484 -0.0337192426861396 -0.00122026741133088 0.0769034541149583 0.105293612952962 0.116010347087514 0.0135743112326675 0.00461713086569948 -0.0366515521433224 -0.0148207975570276 -0.0215730919894701 0.0201567149284793 -0.0742269440435199 -0.0255192358192153 0.0109429953424987 0.0288228782439854 0.0121901879914558 0.0218877166435379 0.00197017298774234 -0.0549064929331054 -0.0261428432993058 -0.0337737812844136 0.0080979373379855 -0.00393724685674119 -0.037193401086579 0.00261570981527239 -0.0168885821413232 -0.067936335663576 -0.0740979088438439 -0.0110487134167911 0.044274910042059 0.0113216938115284 0.0365433904693602 -0.0685033436946956 0.0499602231961271 -0.0162465294196695 -0.0493223688229979 -0.00949493791771303 -0.000702258510162395 0.0280350729865466 -0.00871498717182058 0.00948312570733119 0.000595805549324419 0.0254028612110488 0.0122955892945835 0.0159011530852791 0.0282473376975825 0.0542839973666716 0.0349280905388025 -0.0423120024432377 0.047955905906021 0.0890079601972064 0.0385710963508642 -0.00437769928551773 -0.00455073830852665 0.0988216154395188 0.051872009957815 0.00340144313779185 0.0633421800687415 0.0591455230818209 0.0466443560403642 0.0143962759473571
"t52-hippocampus_female_4w" -0.00656461169444975 0.00165349176981294 0.00255989942475135 0.0282151781009764 0.0186411817763526 -0.00478486970060322 0.0358233757467537 0.0397963980634159 0.047052633915111 0.316019574896172 1 0.260598862842516 -0.0926018965771254 0.0871217437062249 0.087907370546814 -0.0838430218479825 0.0088826113344341 0.0593981234049118 0.0219714660591492 0.021822196712541 0.0233883230992339 0.0791507290857087 0.0414159067904109 -0.0073105770058725 -0.0293761241941108 -0.0448476739668845 -0.00340041651679571 0.0800674979240985 0.00855064140498247 -0.0573480103850275 0.00113342822552777 0.00512638889599638 -0.0140996224001579 -0.0372299971097073 0.0136716691659888 0.0500224390767068 -0.0382514816550298 -0.0486040508314404 -0.00689970141393987 -0.028831403224174 -0.0533759894923528 -0.00162952207502624 -0.00697365718622523 0.0460015067124308 -0.0158022446869516 -0.0135811006752541 0.0143460242193726 0.0525992876068923 -0.00569701196737182 -0.0172394534695019 -0.0158738853713141 0.0558600323064206 0.00890467322461899 0.00672247054704769 -0.00302644007527937 0.0483946751281436 -0.0646517752646869 -0.0299434241711161 -0.0386861751093744 0.0311124717029317 -0.0462152185806184 -0.0452068982711808 -0.03293035864821 -0.0472214959233863 -0.00311806869626099 -0.028409317069698 -0.0245717283226737 -0.0122369572303786 0.0408405733634342 0.0896412221060029 0.0320019868477118 0.0251364038277501 -0.0703299569312555 -0.0828596546027798 -0.0868066357593892 0.0278159878207799 -0.0542132906046336 -0.0914882612893126 -0.0403349343558703 -0.0421181295484465 -0.0569218585281534 -0.0172181200923943 -0.0517201430930794 0.035971071842297 -0.0385848233821447 0.0205075850885475 0.0777226839951598 0.132284881177475 -0.0144521746285794 -0.0987952728375835 -0.0404376144135667 -0.0675290293601171 -0.00150970441592001 0.00900263215181198 0.0612800578739659 0.0241753894031695 -0.033582730548003 -0.00471043562585619 0.0178777086871327 0.0300619169870316 0.027780312406393 0.0215145619127754 0.0257587345404829 -0.00599783891111675 -0.0124720716775754 -0.0428637014531352 -0.00587114688959189 0.0396879275056029 -0.0194893631239139 -0.0519017396511247 0.022329690429474 -0.00283098677425839 0.00524773972807805 -0.0387938542353275 0.00199275920860515 -0.0725592096933934 0.0164082758485907 -0.0136365155346447 -0.0628014947243529 0.00966952509931046 -0.0609178119306444 -0.0420385185051689 -0.00647498999387774 0.0267389016103679 -0.0269860597680151 -0.021348750761402 0.023000375777163 0.0262628404426737 -0.0267437511276881 0.0170906947800651 -0.0109797319367689 0.00935325146304268 0.0203074040384027 0.043772233602969 0.0206768759021851 0.00217632437255799 -0.0810815446893385 0.0174338526159663 0.0208970423032321 0.0286679262092129 0.0379260547927195 0.0515308708009701 0.0569955085177971 0.0427292693202796
"t52-hippocampus_female_8w" 0.0165076865658916 0.00433535619301511 -0.00783222451150905 0.010104658060947 0.0487136529594168 0.0564139202025089 0.0422220130798751 0.0356530243575925 0.33833270035835 0.424190717257981 0.260598862842516 1 0.0231645147589593 -0.0470128384528909 -0.0250221473131223 0.0120080624896783 0.0863400276015142 0.0441798516204475 0.0204335287867074 -0.00257737696984369 0.0214773810280844 0.0202078366546529 0.0161186133575335 0.0670106064439648 -0.0537547939312333 -0.0310923183999508 -0.0568290336498745 0.0229208683296193 -0.0486619170014538 -0.053699363070451 -0.0503802360721923 -0.0834137652354403 0.0211704452610086 -0.0198327709496079 0.00805592300936682 0.0095560048000309 -0.0227317041951719 -0.0259371714490068 -0.0268342272374007 -0.0710451963921091 -0.0234597872616947 -0.00142602531113182 -0.0237066030995352 -0.0044153917497257 -0.0273187804287563 -0.0303333155277486 -0.0259390095523576 -0.0149452496365203 -0.017738884006528 -0.00888887097432273 -0.0198221961828907 0.068800241873911 0.0189626101146429 0.0078279670583531 -0.00468042084655501 0.00783158391428933 -0.0981787927097512 -0.0689854495959313 -0.0354070921240835 -0.0126953541170279 -0.0613701467431697 -0.0948010792136253 -0.0715512227698639 -0.0661813436782138 0.0108304088560286 -0.0268376277101833 -0.010832932656661 -0.0110666844052228 0.0412630101939313 0.0604644605058444 0.0696502891150509 0.0102262681728176 0.0327816110929417 -0.0202322386291109 -0.0418179374207754 -0.059297935839389 -0.0208273782908146 -0.0373911729562815 -0.0554140620603348 -0.064757061350773 -0.0558874437862953 -0.00966161519903164 -0.00902325931852914 -0.00247336908978385 0.0271954331229497 0.0740614386005068 0.0980774514735803 0.0882738383767603 0.022468399398122 -0.0950605400349657 0.01655425944426 -0.0419870733086134 -0.0011451918099255 0.0262785751245312 0.0342537445757901 0.0180315204922664 0.0391224994960946 0.025298987266099 0.0123888733982889 -0.00161206535353344 0.0566885816590976 0.00758063395311625 0.0128833095052208 -0.0772782794037137 0.00290612015546702 -0.0301769476527073 0.0330516912359016 0.0171637995790384 0.0320348868677039 0.0137920751566962 0.0601366734315003 -0.0410832201297108 0.0110833992446808 -0.0295076943199688 0.00913645892350646 -0.034462199285471 0.0418283650318534 0.0461050377196043 -0.0388255440787713 0.0332540701279772 -0.0261356099936522 -0.0277581441526813 -0.0245758655818813 0.0246587501836401 -0.0421135216330088 -0.0189110811916201 0.0113045312071093 0.038077295169833 0.025224600401004 0.0490386143420058 0.00277139241576049 0.00231440216037009 0.0295557646774254 0.00601326416429145 0.0313841761724066 0.0157822935900507 -0.0459924595914021 -0.0451624233174083 -0.00744485424255323 -0.0403394676648004 0.0647180774891872 0.0561366821059792 0.0396011079648445 0.0501258186793428
